      Date	    Open	    High	    Low	    Close	    Volume	    Turnover
2010/07/01	818.30	836.30	801.92	810.18	1042300	1345362432.00
2010/07/02	808.16	821.62	767.36	797.24	910526	1689795968.00
2010/07/05	786.70	796.69	768.09	780.86	625194	1046924224.00
2010/07/06	778.83	807.12	775.66	800.86	725737	1337523840.00
2010/07/07	799.68	822.85	787.62	819.36	858064	1503725184.00
2010/07/08	819.19	828.78	802.80	812.20	866578	1541340928.00
2010/07/09	810.95	828.61	791.97	818.99	916188	1472295040.00
2010/07/12	829.67	846.78	819.49	831.79	1388313	2164101632.00
2010/07/13	824.79	836.33	806.95	822.09	1154585	1730671488.00
2010/07/14	824.65	841.01	818.50	827.70	1023309	1399557760.00
2010/07/15	826.72	833.60	793.91	798.68	962798	1344454400.00
2010/07/16	794.62	805.37	776.37	801.13	722997	1014287424.00
2010/07/19	790.57	820.09	783.06	816.07	1121916	1355825280.00
2010/07/20	818.71	844.58	813.42	839.75	1605923	2063989120.00
2010/07/21	841.76	863.57	833.32	842.74	1819300	2448888576.00
2010/07/22	838.15	858.86	832.82	855.50	1697272	1956319616.00
2010/07/23	856.66	873.37	841.99	861.09	1750161	2220003072.00
2010/07/26	863.53	878.09	853.19	869.69	1716232	2099689600.00
2010/07/27	868.79	883.77	857.65	869.93	2123223	2095676288.00
2010/07/28	868.16	895.03	859.31	888.41	1929894	2413065216.00
2010/07/29	888.37	902.07	876.15	890.64	1773145	2295626240.00
2010/07/30	888.24	905.62	875.86	895.49	1677605	2267113984.00
2010/08/02	895.46	918.01	890.23	908.90	1918089	2505542912.00
2010/08/03	909.92	918.60	883.38	886.63	1932402	2634225920.00
2010/08/04	883.14	906.16	870.40	899.55	2849824	2821160192.00
2010/08/05	896.11	915.52	887.16	898.96	2620763	2697689600.00
2010/08/06	895.58	932.87	884.61	928.25	2491875	3174858752.00
2010/08/09	926.49	961.47	920.10	947.45	2432109	3607246336.00
2010/08/10	947.79	959.25	909.70	917.58	2410068	3199089408.00
2010/08/11	915.32	945.78	907.79	936.65	1830071	2602977536.00
2010/08/12	927.26	955.04	916.27	932.56	1816441	2829358080.00
2010/08/13	932.29	947.36	916.45	939.66	1473604	2274802944.00
2010/08/16	939.65	962.84	930.65	956.38	1725244	2621442048.00
2010/08/17	956.14	972.46	944.58	959.00	1929537	2762594816.00
2010/08/18	958.04	968.17	937.51	949.23	2011837	2874380544.00
2010/08/19	947.36	957.00	939.38	945.86	1353224	1900263552.00
2010/08/20	943.98	950.96	915.15	920.68	1342500	2352641792.00
2010/08/23	916.86	935.17	912.37	924.50	1219861	1649962240.00
2010/08/24	924.14	944.70	915.75	936.22	1377503	2164074496.00
2010/08/25	928.20	942.29	902.16	909.48	1453410	2133001984.00
2010/08/26	908.92	923.66	898.76	912.60	1075340	1606424576.00
2010/08/27	910.38	923.39	900.84	916.00	878726	1563666432.00
2010/08/30	918.89	939.16	915.01	936.08	1271728	1960983936.00
2010/08/31	933.94	947.16	917.85	934.94	1668819	2709585664.00
2010/09/01	933.59	943.33	900.18	910.54	1737504	2704556800.00
2010/09/02	918.62	948.72	911.23	936.93	1740934	2648685056.00
2010/09/03	937.84	962.32	927.38	948.54	1920913	2912838912.00
2010/09/06	960.85	978.77	941.19	963.75	2099910	3265019392.00
2010/09/07	961.35	993.41	948.92	982.70	2688078	3209034240.00
2010/09/08	978.53	1002.72	967.80	991.16	2702578	3416868608.00
2010/09/09	995.02	1030.30	978.03	999.89	3029553	4238880000.00
2010/09/10	998.62	1016.05	974.64	991.22	2102785	2987778560.00
2010/09/13	991.96	1030.27	987.21	1020.63	2266394	3456810240.00
2010/09/14	1024.83	1050.23	1011.43	1032.16	2347485	3643080704.00
2010/09/15	1030.57	1051.21	1002.96	1012.39	2314698	3507722496.00
2010/09/16	1009.99	1023.97	964.95	992.55	2119329	3277350400.00
2010/09/17	991.23	1018.90	976.46	998.18	1588048	2442045440.00
2010/09/20	996.58	1007.79	960.26	968.61	1225008	1959353600.00
2010/09/21	970.25	982.06	947.71	963.58	843610	1319680000.00
2010/09/27	966.71	1000.45	955.47	994.90	1117376	1642506112.00
2010/09/28	990.64	1026.67	972.67	1007.86	1951319	2664920064.00
2010/09/29	1000.39	1015.12	979.28	987.04	1246752	1865041152.00
2010/09/30	978.63	1003.85	971.59	995.63	1048912	1647922176.00
2010/10/08	1000.52	1022.87	985.23	1007.25	1601845	2399491840.00
2010/10/11	1008.85	1021.91	971.76	985.56	2339804	3696382464.00
2010/10/12	983.23	1011.45	971.56	992.00	1955369	2982607872.00
2010/10/13	990.59	1013.43	965.66	994.94	2428899	3475432192.00
2010/10/14	997.22	1014.46	963.33	977.39	2424622	3890628352.00
2010/10/15	978.29	993.83	958.52	973.48	2054075	3257242624.00
2010/10/18	972.41	982.80	924.97	947.71	2406538	3170363648.00
2010/10/19	949.10	1003.78	942.39	996.25	2396115	3439200000.00
2010/10/20	989.49	1027.56	978.14	1001.36	2713576	4649089536.00
2010/10/21	1001.26	1029.05	984.29	1006.98	1954794	3264301568.00
2010/10/22	1007.84	1045.00	997.61	1035.00	2245224	3507711232.00
2010/10/25	1055.76	1087.10	1039.17	1060.28	3515923	4816530944.00
2010/10/26	1063.28	1077.96	1039.21	1062.80	2715887	4270913792.00
2010/10/27	1063.20	1085.47	1038.13	1051.78	2520543	3936631296.00
2010/10/28	1044.70	1060.56	1027.94	1039.06	1669809	2620448256.00
2010/10/29	1039.24	1059.01	1022.27	1041.58	1737199	2640308992.00
2010/11/01	1047.95	1087.15	1043.29	1080.04	2843086	4247785472.00
2010/11/02	1087.35	1101.27	1055.63	1059.04	3021488	5006483968.00
2010/11/03	1055.04	1074.98	1033.77	1044.64	1924364	3061206528.00
2010/11/04	1045.45	1110.06	1041.65	1103.59	3603576	5589212160.00
2010/11/05	1111.83	1143.43	1094.49	1119.72	3128025	5318425088.00
2010/11/08	1131.70	1150.53	1109.30	1126.96	3210830	5001886720.00
2010/11/09	1131.02	1166.40	1116.68	1147.46	2984100	4828982784.00
2010/11/10	1143.03	1156.16	1118.04	1135.49	2384239	4192538624.00
2010/11/11	1131.24	1168.90	1115.48	1127.62	2910341	4970841600.00
2010/11/12	1125.38	1143.74	1039.94	1054.54	3275803	5420253184.00
2010/11/15	1063.35	1100.49	1050.16	1093.27	2293373	4820903424.00
2010/11/16	1095.41	1112.94	1026.21	1043.08	2439800	4834968064.00
2010/11/17	1028.09	1050.91	988.51	999.42	1551805	2789113600.00
2010/11/18	1010.14	1029.69	997.32	1016.95	1130208	2134297216.00
2010/11/19	1019.84	1071.29	1011.57	1062.34	2094006	3799583744.00
2010/11/22	1058.99	1134.46	1047.55	1103.85	4463137	6152727552.00
2010/11/23	1092.24	1105.84	1047.76	1077.85	3003657	4259038208.00
2010/11/24	1068.60	1123.01	1061.69	1110.27	2331460	3638299136.00
2010/11/25	1116.20	1141.66	1097.98	1119.52	2564384	4511543808.00
2010/11/26	1116.70	1127.86	1083.84	1105.69	1893907	3310311168.00
2010/11/29	1106.89	1120.97	1085.28	1111.54	1600236	2725443584.00
2010/11/30	1105.59	1123.73	1040.13	1075.46	2155298	3879288832.00
2010/12/01	1069.11	1087.28	1050.95	1068.10	1081098	1997300352.00
2010/12/02	1090.15	1101.20	1071.45	1076.82	1080040	2167647744.00
2010/12/03	1078.21	1095.36	1055.55	1073.94	1438020	2624739072.00
2010/12/06	1075.46	1082.42	1030.95	1046.64	1205372	2089116288.00
2010/12/07	1042.98	1069.56	1026.96	1065.01	902854	1587370496.00
2010/12/08	1067.84	1082.96	1051.46	1064.34	820237	1445828864.00
2010/12/09	1054.27	1099.56	1034.09	1074.75	2416852	3440920320.00
2010/12/10	1062.58	1102.08	1052.44	1087.56	1800450	2729271808.00
2010/12/13	1091.42	1122.78	1084.37	1109.71	2288069	3432353536.00
2010/12/14	1114.19	1140.43	1101.27	1125.69	2294132	3636200960.00
2010/12/15	1125.08	1135.49	1105.38	1110.80	1708242	2715576832.00
2010/12/16	1111.36	1127.59	1100.17	1114.14	1217001	2154710528.00
2010/12/17	1112.32	1123.10	1094.00	1105.23	1064772	1873388160.00
2010/12/20	1107.98	1117.03	1061.24	1084.68	1569712	2545547520.00
2010/12/21	1083.81	1102.43	1073.47	1095.34	998611	1655135104.00
2010/12/22	1094.65	1111.39	1077.75	1088.17	1193939	2161720320.00
2010/12/23	1087.49	1097.27	1064.62	1070.30	978792	1633033984.00
2010/12/24	1068.43	1073.04	1032.70	1039.36	919528	1491938048.00
2010/12/27	1042.95	1061.98	1001.93	1010.99	803152	1500715904.00
2010/12/28	1003.99	1016.56	970.94	990.39	878738	1424019584.00
2010/12/29	988.30	1008.82	983.59	1005.92	574546	911212032.00
2010/12/30	1005.90	1017.95	990.53	1007.57	703482	1010597440.00
2010/12/31	1012.65	1036.32	1004.45	1033.13	936074	1384992000.00
2011/01/04	1035.66	1046.07	1019.81	1036.97	1020027	1564976384.00
2011/01/05	1033.75	1047.10	1018.67	1033.59	910238	1391142912.00
2011/01/06	1033.96	1046.51	1017.22	1023.17	792322	1116232320.00
2011/01/07	1020.63	1048.66	1009.50	1026.11	1005406	1685372416.00
2011/01/10	1026.99	1034.55	989.63	996.41	891938	1413523968.00
2011/01/11	998.79	1008.49	978.35	992.21	781122	1166117632.00
2011/01/12	995.38	1004.50	975.07	991.99	602877	937888512.00
2011/01/13	1003.01	1015.06	991.40	997.56	753018	1226227072.00
2011/01/14	992.34	996.52	958.05	971.12	744531	1170215680.00
2011/01/17	962.32	968.95	911.52	920.39	800756	1229882624.00
2011/01/18	918.18	935.37	912.33	928.52	374334	577185920.00
2011/01/19	931.09	953.50	925.41	949.22	549796	826714304.00
2011/01/20	948.76	951.05	901.07	904.84	684961	976684608.00
2011/01/21	903.27	929.20	891.67	914.18	658292	1090134656.00
2011/01/24	912.25	923.00	892.56	904.22	560209	722727872.00
2011/01/25	902.71	908.51	874.20	886.24	542909	825575040.00
2011/01/26	887.97	912.49	885.67	904.69	514322	841864640.00
2011/01/27	897.30	923.46	889.17	915.13	656917	971589504.00
2011/01/28	913.51	928.81	908.04	922.85	559438	805533760.00
2011/01/31	921.82	938.83	913.32	934.34	653120	1008621504.00
2011/02/01	935.18	946.49	925.71	937.61	519210	780779072.00
2011/02/09	932.78	946.60	925.71	934.67	578179	801602240.00
2011/02/10	940.75	967.34	935.92	962.77	920971	1360105088.00
2011/02/11	960.88	975.46	955.29	965.13	743715	1146416896.00
2011/02/14	972.56	994.07	964.46	981.40	1208142	1966176384.00
2011/02/15	981.32	1004.55	973.69	985.05	1193039	1855070208.00
2011/02/16	984.96	1004.85	977.64	999.51	1193717	2069999616.00
2011/02/17	1001.71	1025.38	992.02	1016.74	1341514	2390885120.00
2011/02/18	1013.13	1021.93	993.74	1000.20	1045485	1685846144.00
2011/02/21	993.72	1027.06	989.35	1022.58	1172722	1922014976.00
2011/02/22	1022.65	1033.70	987.46	992.79	1335519	2342256128.00
2011/02/23	990.48	1026.97	982.42	1015.11	1431817	2379903232.00
2011/02/24	1011.62	1026.30	999.78	1011.47	1063518	1712521600.00
2011/02/25	1013.36	1029.47	1001.91	1018.47	1151480	1747398528.00
2011/02/28	1022.20	1043.11	1005.42	1031.80	1409800	2052173696.00
2011/03/01	1032.05	1042.56	1015.65	1025.09	1319004	2102540544.00
2011/03/02	1020.13	1027.12	996.52	1013.78	1254413	1869591936.00
2011/03/03	1013.70	1024.52	981.16	993.74	1283587	2077638400.00
2011/03/04	991.78	1017.86	983.22	1011.55	1205318	1727960448.00
2011/03/07	1016.06	1031.47	1004.48	1016.42	1478801	2218266112.00
2011/03/08	1015.80	1039.02	1009.50	1033.25	1491126	2397308928.00
2011/03/09	1037.58	1053.75	1025.71	1038.51	1845758	2536367360.00
2011/03/10	1041.10	1061.41	1028.44	1040.37	2006247	3402279680.00
2011/03/11	1035.43	1063.26	1019.79	1043.41	2296607	3581383936.00
2011/03/14	1045.32	1067.89	1033.54	1054.06	2028756	2913214464.00
2011/03/15	1051.86	1057.50	1004.28	1028.05	2025569	3090094336.00
2011/03/16	1026.69	1049.52	1021.01	1038.68	2294831	2529482496.00
2011/03/17	1025.53	1035.29	1006.87	1012.54	1629005	2086827008.00
2011/03/18	1021.75	1032.16	1007.99	1015.53	1046819	1422986368.00
2011/03/21	1017.08	1027.57	1000.46	1006.73	964637	1364539520.00
2011/03/22	1009.66	1019.19	993.81	1006.87	941242	1396308096.00
2011/03/23	1007.96	1019.42	999.76	1016.16	928341	1338329216.00
2011/03/24	1018.13	1028.67	1003.43	1011.97	1212865	1788510720.00
2011/03/25	1011.69	1025.02	1003.87	1015.13	1272789	1815033984.00
2011/03/28	1019.70	1027.07	998.46	1004.73	1422337	2005168768.00
2011/03/29	1005.05	1011.89	974.01	981.52	1806700	2368381184.00
2011/03/30	980.98	992.97	962.33	974.26	1758431	1991826688.00
2011/03/31	974.85	985.22	953.36	963.00	1385157	1781219712.00
2011/04/01	962.77	974.61	951.69	969.67	865190	1110431232.00
2011/04/06	967.10	982.09	953.20	969.30	1131372	1442846720.00
2011/04/07	969.59	978.25	960.48	972.39	920258	1218230272.00
2011/04/08	977.85	994.57	972.50	985.84	1166486	1798237696.00
2011/04/11	988.87	1001.37	975.02	981.68	1353173	1819563520.00
2011/04/12	986.82	1013.03	981.81	997.27	2030306	2577884928.00
2011/04/13	992.79	1010.06	983.86	1004.68	1648767	1746892032.00
2011/04/14	1007.74	1013.33	992.16	1000.27	1537895	1787410688.00
2011/04/15	1001.58	1011.02	987.18	1000.34	1821652	2035255936.00
2011/04/18	997.84	1008.80	981.63	999.67	1216690	1753465472.00
2011/04/19	994.38	1001.88	974.75	985.02	1744658	2237145600.00
2011/04/20	988.35	1008.65	979.80	994.14	1497544	2186206720.00
2011/04/21	999.85	1015.29	990.28	1004.47	1683741	2113902336.00
2011/04/22	1006.13	1014.37	983.32	988.99	3054644	3592272384.00
2011/04/25	986.29	989.42	952.80	955.47	1942848	2289562880.00
2011/04/26	951.47	960.70	929.76	941.80	1135418	1417918080.00
2011/04/27	941.68	951.53	911.37	921.72	1339290	1678145408.00
2011/04/28	922.34	931.12	900.12	902.85	1233478	1134542592.00
2011/04/29	899.88	920.58	894.26	914.91	1255430	1239982592.00
2011/05/03	915.89	926.67	902.43	921.27	1272948	1291814016.00
2011/05/04	917.60	923.01	889.27	895.79	1440424	1455241088.00
2011/05/05	896.80	917.26	891.22	908.02	1075145	1265598848.00
2011/05/06	900.37	926.10	893.70	919.62	1009480	1236358528.00
2011/05/09	919.91	935.26	915.65	927.29	1170349	1349195648.00
2011/05/10	928.53	933.73	915.54	926.19	996183	1187316864.00
2011/05/11	926.15	949.35	916.89	933.71	1445535	1618453248.00
2011/05/12	924.58	935.40	903.57	910.47	1887146	1865592320.00
2011/05/13	909.56	927.63	900.61	921.21	1330486	1334637824.00
2011/05/16	921.04	933.65	911.05	916.68	1130458	1198132608.00
2011/05/17	915.77	924.70	898.59	910.97	1257637	1143912448.00
2011/05/18	910.35	922.73	903.47	918.08	942933	865041472.00
2011/05/19	919.99	925.07	900.23	906.14	936796	950704960.00
2011/05/20	904.77	908.87	892.34	897.38	758083	781096512.00
2011/05/23	896.48	899.91	863.64	867.92	1086669	1032154112.00
2011/05/24	864.74	872.99	844.21	863.21	937980	1011109888.00
2011/05/25	861.27	869.46	842.91	848.77	808858	850536960.00
2011/05/26	854.83	861.48	839.84	843.23	985731	919753600.00
2011/05/27	844.67	852.79	822.46	829.14	1223373	1222185216.00
2011/05/30	825.65	837.89	808.10	815.75	980927	1078088704.00
2011/05/31	817.62	835.13	811.61	832.25	907186	1079487616.00
2011/06/01	831.59	838.99	822.00	836.60	824547	943141120.00
2011/06/02	822.66	828.32	800.01	814.76	1039041	1270505600.00
2011/06/03	811.80	836.58	807.30	830.43	852623	985509504.00
2011/06/07	826.76	839.89	821.36	834.99	689754	797785856.00
2011/06/08	835.14	843.11	819.47	836.50	824754	972157312.00
2011/06/09	832.89	846.60	814.93	822.00	1143977	1296851456.00
2011/06/10	818.10	830.85	805.15	825.63	872684	1085578880.00
2011/06/13	816.70	827.32	805.44	820.75	518960	752279616.00
2011/06/14	819.25	838.57	814.71	830.75	791066	913316608.00
2011/06/15	828.27	837.26	817.20	820.06	688533	758918912.00
2011/06/16	813.62	819.45	791.84	796.43	794914	871079296.00
2011/06/17	796.14	805.01	779.25	782.41	673318	722557120.00
2011/06/20	781.78	786.92	755.40	762.91	876336	864821888.00
2011/06/21	763.16	773.70	754.77	769.22	819638	811419648.00
2011/06/22	771.57	776.98	754.71	765.80	752916	685325696.00
2011/06/23	762.58	786.87	755.07	781.85	1103678	1042077376.00
2011/06/24	778.17	817.05	775.15	807.18	1647022	1588701440.00
2011/06/27	808.14	820.26	799.93	812.96	1381996	1409499264.00
2011/06/28	812.78	825.58	806.58	817.61	1114216	1165573120.00
2011/06/29	815.62	826.97	801.46	806.44	1232516	1256766336.00
2011/06/30	805.96	823.33	801.45	815.51	1196723	1240974848.00
2011/07/01	817.40	827.40	809.57	817.60	1139427	1224815360.00
2011/07/04	820.01	842.57	816.95	836.03	1468448	1452877440.00
2011/07/05	837.29	848.29	826.63	842.24	1406726	1435449984.00
2011/07/06	840.69	851.87	828.83	846.78	1410051	1619176064.00
2011/07/07	846.06	867.49	838.81	851.98	1683867	1825845376.00
2011/07/08	851.07	862.89	839.38	850.53	1096279	1209337728.00
2011/07/11	846.90	859.32	839.08	853.97	942678	1085469440.00
2011/07/12	848.40	853.02	830.29	832.81	1101360	1182908160.00
2011/07/13	832.49	851.90	829.12	847.20	950675	1094904448.00
2011/07/14	848.02	861.42	841.74	855.30	1124642	1339050752.00
2011/07/15	852.59	864.81	844.11	858.26	1356254	1631003776.00
2011/07/18	862.20	882.08	857.49	871.82	1682967	1899800320.00
2011/07/19	867.18	871.22	847.87	853.90	1158318	1273203968.00
2011/07/20	864.75	870.60	845.02	856.05	1006854	1138732544.00
2011/07/21	855.21	861.86	842.17	847.82	980798	908988864.00
2011/07/22	850.86	872.72	846.97	861.88	1384063	1513919872.00
2011/07/25	858.44	863.98	810.40	818.58	1769498	1947911040.00
2011/07/26	815.99	831.57	804.45	822.81	1041330	1162766848.00
2011/07/27	818.33	834.65	810.25	830.13	933434	1043736384.00
2011/07/28	822.80	827.68	808.20	821.87	795049	868012608.00
2011/07/29	820.92	834.63	809.59	819.43	1054547	1188433536.00
2011/08/01	818.24	829.28	810.59	822.89	839051	909360320.00
2011/08/02	818.20	825.51	796.97	811.67	1119021	1172911616.00
2011/08/03	802.69	820.96	795.31	814.40	955890	1013841088.00
2011/08/04	814.91	828.10	810.31	817.85	871594	928822912.00
2011/08/05	796.22	809.85	781.86	799.53	893374	985886016.00
2011/08/08	781.67	789.76	735.72	748.28	1436233	1437774848.00
2011/08/09	725.07	748.98	701.78	739.01	1110632	1023683072.00
2011/08/10	753.98	768.55	745.91	752.91	966872	1020153984.00
2011/08/11	735.93	771.29	727.51	766.44	1044018	1043973632.00
2011/08/12	776.05	799.16	771.37	785.92	1685064	1751779584.00
2011/08/15	788.71	803.54	779.80	797.43	1366457	1566970240.00
2011/08/16	796.91	805.96	783.41	791.20	1147049	1352167936.00
2011/08/17	789.34	801.43	780.32	787.80	1019275	1182757888.00
2011/08/18	787.42	798.36	767.69	776.36	1108706	1192610560.00
2011/08/19	758.40	776.77	751.37	772.01	1082669	1147420160.00
2011/08/22	770.36	784.97	762.16	769.72	840156	991656384.00
2011/08/23	771.23	789.05	766.48	784.32	1040366	1198010240.00
2011/08/24	791.34	803.47	779.13	786.36	1251880	1545272576.00
2011/08/25	788.56	806.33	778.88	801.65	1503349	1691132800.00
2011/08/26	798.71	807.39	790.29	799.52	1261658	1439561472.00
2011/08/29	792.57	799.36	781.16	788.50	963763	1105520128.00
2011/08/30	791.77	811.76	779.95	786.69	1562314	1466282624.00
2011/08/31	783.57	792.92	769.52	780.38	920988	987918656.00
2011/09/01	781.46	793.60	770.49	774.30	882706	947128704.00
2011/09/02	771.86	780.72	760.13	768.60	633489	661603840.00
2011/09/05	762.82	765.78	741.04	749.58	739825	712902336.00
2011/09/06	744.49	754.34	731.45	741.08	597355	607987520.00
2011/09/07	745.01	759.00	739.11	755.72	812830	744899776.00
2011/09/08	759.33	763.91	745.44	747.77	702432	681834880.00
2011/09/09	750.77	759.33	736.71	742.81	717236	682191424.00
2011/09/13	733.56	741.46	721.43	733.86	592535	566993600.00
2011/09/14	732.79	740.73	718.78	736.19	607657	554568320.00
2011/09/15	738.31	745.50	731.85	737.42	495695	482408384.00
2011/09/16	741.12	748.59	732.25	736.47	510402	526513664.00
2011/09/19	732.76	736.63	715.40	719.92	624025	579357248.00
2011/09/20	718.18	727.66	708.34	721.60	452158	431039168.00
2011/09/21	721.15	749.11	716.30	744.91	872109	823984448.00
2011/09/22	739.03	745.37	719.76	722.86	783772	714690816.00
2011/09/23	709.50	725.29	699.77	718.39	696965	735689472.00
2011/09/26	713.67	721.80	700.23	708.78	513113	513589888.00
2011/09/27	713.94	719.88	704.28	713.58	463412	441182112.00
2011/09/28	719.14	722.51	699.76	704.78	522365	475683744.00
2011/09/29	701.18	701.18	686.99	690.71	576286	495746592.00
2011/09/30	691.61	696.41	683.72	689.67	388768	337295648.00
2011/10/10	692.97	697.62	686.30	689.74	316941	280593792.00
2011/10/11	701.92	708.41	684.14	689.61	497399	456841696.00
2011/10/12	687.94	712.14	681.65	711.78	773605	676432832.00
2011/10/13	712.38	722.03	709.14	716.59	821483	764626688.00
2011/10/14	715.62	716.51	702.99	709.21	564110	573584448.00
2011/10/17	709.89	715.66	704.62	710.17	576223	628668224.00
2011/10/18	706.07	715.93	691.84	694.43	988382	1016995968.00
2011/10/19	692.39	695.91	685.28	688.38	601862	580822208.00
2011/10/20	685.59	685.60	657.86	662.82	733373	624334464.00
2011/10/21	663.97	666.13	650.74	651.88	514716	467474528.00
2011/10/24	653.58	659.35	641.34	657.83	742506	624295424.00
2011/10/25	657.79	690.17	656.32	689.24	1302086	1080836480.00
2011/10/26	691.56	718.23	691.10	711.91	2824310	2391735296.00
2011/10/27	710.16	715.24	704.49	709.31	1745375	1641974528.00
2011/10/28	717.50	723.01	711.88	722.50	1887678	1777555328.00
2011/10/31	724.64	730.77	720.63	730.77	1639537	1652486528.00
2011/11/01	724.64	737.13	721.85	731.18	1845690	1898409856.00
2011/11/02	719.11	764.92	717.38	764.36	2948671	2899453696.00
2011/11/03	769.26	785.44	769.26	773.68	3940118	3857730816.00
2011/11/04	778.05	780.55	766.33	771.70	2080939	2002386816.00
2011/11/07	769.04	777.05	762.77	767.02	1579250	1529663488.00
2011/11/08	768.13	773.03	762.71	767.33	1611849	1634528768.00
2011/11/09	768.47	778.51	753.85	778.29	1594644	1605052160.00
2011/11/10	771.00	786.82	768.48	769.58	2358100	2299654656.00
2011/11/11	768.91	777.44	763.00	768.13	1729136	1704559616.00
2011/11/14	776.08	784.64	773.54	784.64	1596006	1643349120.00
2011/11/15	784.18	793.25	781.47	792.01	1847529	1756472704.00
2011/11/16	792.22	804.62	775.29	777.75	3254043	2869024768.00
2011/11/17	777.83	782.13	766.35	771.35	1926829	1810761472.00
2011/11/18	762.81	766.24	739.41	741.30	1763718	1640943232.00
2011/11/21	740.90	746.92	736.51	745.33	938448	843743552.00
2011/11/22	738.61	745.54	731.10	744.25	1029945	971377856.00
2011/11/23	745.61	748.94	734.22	735.41	949358	907160128.00
2011/11/24	728.63	743.94	725.35	743.31	1290406	1257212032.00
2011/11/25	742.97	748.70	732.35	734.47	1253701	1641923840.00
2011/11/28	734.37	737.12	725.06	732.20	847216	950707136.00
2011/11/29	738.88	743.28	733.73	742.92	1015361	1195199488.00
2011/11/30	742.00	742.00	690.21	698.44	1648711	1585325440.00
2011/12/01	721.43	727.76	711.67	711.95	1415238	1476208768.00
2011/12/02	709.43	709.91	691.00	696.47	869224	1043075648.00
2011/12/05	695.37	695.37	674.97	677.27	705671	805635008.00
2011/12/06	676.56	686.60	670.86	682.48	679784	706847104.00
2011/12/07	684.85	691.15	680.00	689.60	656387	708346880.00
2011/12/08	688.54	702.91	675.12	695.64	927886	917538560.00
2011/12/09	689.63	699.17	687.17	690.21	649115	667166400.00
2011/12/12	689.58	692.36	677.68	679.02	543272	564072832.00
2011/12/13	675.64	675.64	656.11	657.45	815288	754513984.00
2011/12/14	653.00	659.11	641.11	643.94	664435	727410304.00
2011/12/15	640.96	652.09	628.11	639.92	1891452	1707205248.00
2011/12/16	634.86	659.46	634.16	659.46	1421294	1280484224.00
2011/12/19	655.41	664.08	642.80	662.62	1317180	1206872320.00
2011/12/20	659.55	667.60	654.51	655.04	927265	926134784.00
2011/12/21	660.34	668.50	644.37	644.57	1083174	1053726400.00
2011/12/22	642.08	642.08	620.45	633.18	597922	526065024.00
2011/12/23	632.32	645.05	630.87	637.45	885571	841018752.00
2011/12/26	642.19	648.23	634.45	634.45	674998	647716544.00
2011/12/27	630.80	631.11	607.47	612.90	973440	866040448.00
2011/12/28	607.05	614.52	595.11	612.94	748237	609119360.00
2011/12/29	610.31	618.05	609.39	613.85	730252	743171136.00
2011/12/30	616.72	626.50	614.82	626.50	786673	788347072.00
2012/01/04	631.74	633.99	608.64	610.02	696348	698704576.00
2012/01/05	604.92	606.07	581.93	582.44	714922	669573696.00
2012/01/06	580.25	592.93	575.99	592.56	734852	640238720.00
2012/01/09	592.59	623.27	588.99	622.69	1495160	1331599104.00
2012/01/10	621.57	643.54	619.05	642.38	1885889	1688459648.00
2012/01/11	639.00	659.44	636.00	646.74	1647823	1571452672.00
2012/01/12	643.96	653.95	641.92	646.01	1328204	1264794112.00
2012/01/13	645.63	646.06	613.84	616.52	1244686	1177770880.00
2012/01/16	613.06	614.98	604.18	604.21	379944	382126688.00
2012/01/17	598.82	639.12	594.61	635.75	1500717	1391813248.00
2012/01/18	635.38	638.81	610.20	611.98	1455721	1357126528.00
2012/01/19	610.04	620.92	604.19	616.72	979558	860137664.00
2012/01/20	617.57	624.67	617.18	622.21	655435	623246976.00
2012/01/30	624.96	642.08	618.90	627.72	1114190	1027058304.00
2012/01/31	626.11	632.08	620.51	629.40	823326	764363456.00
2012/02/01	629.32	638.11	626.64	629.90	1230129	1191745152.00
2012/02/02	630.03	639.64	625.84	639.44	1019991	963747840.00
2012/02/03	638.26	656.72	635.69	652.36	1640110	1526905088.00
2012/02/06	652.36	656.41	647.34	654.68	1250205	1195906432.00
2012/02/07	650.61	651.13	639.16	642.75	1145621	1076658432.00
2012/02/08	644.41	663.19	640.96	662.93	1696552	1636378112.00
2012/02/09	661.27	670.86	661.25	663.69	1582856	1549953408.00
2012/02/10	660.96	670.56	659.24	662.91	1422381	1426638208.00
2012/02/13	657.65	682.97	654.89	682.84	2095245	2053513344.00
2012/02/14	680.60	682.54	674.24	677.09	1432534	1339178752.00
2012/02/15	677.14	692.05	675.03	687.19	2017670	1754530688.00
2012/02/16	686.69	694.74	679.01	686.15	2028213	1806247552.00
2012/02/17	686.32	689.53	674.92	682.28	1510223	1364042240.00
2012/02/20	691.44	697.04	683.43	683.59	1746219	1560030848.00
2012/02/21	682.81	694.33	675.48	694.28	1584269	1558404224.00
2012/02/22	695.86	707.85	693.56	705.85	1973161	1926908032.00
2012/02/23	705.15	716.67	700.45	706.23	1922624	1982490368.00
2012/02/24	706.85	712.74	700.67	711.94	1870177	1788605440.00
2012/02/27	710.78	728.60	710.52	716.65	2808271	2874004992.00
2012/02/28	713.77	720.21	706.34	714.50	1758395	1833759360.00
2012/02/29	713.97	714.18	702.16	702.16	1330906	1356792704.00
2012/03/01	699.02	716.94	698.44	710.58	1335097	1285201664.00
2012/03/02	711.50	719.71	710.13	719.63	1471050	1505945856.00
2012/03/05	720.27	725.25	717.21	717.92	1584643	1628761600.00
2012/03/06	715.03	715.03	702.08	706.74	1407159	1474051840.00
2012/03/07	699.56	713.12	696.86	700.64	1415898	1387070848.00
2012/03/08	703.35	713.51	703.35	710.05	1299226	1194166144.00
2012/03/09	713.94	720.06	709.86	719.92	1246512	1195059328.00
2012/03/12	720.54	724.45	713.39	720.28	1539685	1452401920.00
2012/03/13	720.53	751.41	719.81	751.33	2992608	3144917760.00
2012/03/14	755.39	755.47	707.94	715.78	3299201	3493599232.00
2012/03/15	715.55	718.29	694.47	709.04	2323421	2433369856.00
2012/03/16	712.09	728.69	708.43	728.69	2011075	2202677504.00
2012/03/19	726.96	731.62	718.00	731.46	1511404	1579125120.00
2012/03/20	728.73	728.73	709.29	709.29	1331719	1346211712.00
2012/03/21	711.95	715.13	694.30	707.14	1108501	1152518016.00
2012/03/22	706.79	707.99	698.20	705.12	881796	899377920.00
2012/03/23	703.28	707.41	690.87	698.72	1222161	1139448064.00
2012/03/26	697.33	698.75	685.53	691.00	702560	813191104.00
2012/03/27	693.34	696.86	683.31	685.63	687255	751077248.00
2012/03/28	683.73	683.75	650.96	654.83	1093457	1149333888.00
2012/03/29	650.97	651.70	630.47	639.72	880775	848661440.00
2012/03/30	639.04	644.45	635.29	642.16	689434	763250112.00
2012/04/05	640.13	660.20	639.91	658.51	823344	851236608.00
2012/04/06	658.27	666.98	655.61	660.53	781366	833961344.00
2012/04/09	658.56	659.25	645.58	646.32	752646	721379136.00
2012/04/10	644.56	654.25	630.20	654.18	792147	739485056.00
2012/04/11	645.70	665.04	643.70	662.81	1104747	958743872.00
2012/04/12	662.70	679.18	660.81	678.32	1030357	943825216.00
2012/04/13	681.22	690.55	678.22	683.98	1553739	1332039040.00
2012/04/16	677.40	684.65	673.95	679.49	1139778	927558272.00
2012/04/17	677.84	683.49	672.46	674.56	1082691	920969856.00
2012/04/18	677.23	692.45	675.67	690.10	1229652	1127043968.00
2012/04/19	688.69	693.05	685.53	688.27	964772	810390464.00
2012/04/20	688.26	695.11	685.17	693.39	1207541	1010504000.00
2012/04/23	696.21	699.73	678.85	680.28	1099564	961211328.00
2012/04/24	675.57	685.17	656.10	672.96	1533511	1185133696.00
2012/04/25	672.66	690.05	671.53	688.72	1738396	1281209216.00
2012/04/26	688.55	691.50	673.90	680.84	1318489	1002081216.00
2012/04/27	680.84	683.52	674.03	677.13	884256	719395456.00
2012/05/02	685.22	686.65	675.94	682.98	1139688	953444928.00
2012/05/03	682.85	686.83	678.29	683.50	944870	858356288.00
2012/05/04	684.96	691.24	684.96	690.61	755827	734155520.00
2012/05/07	687.29	699.53	686.64	699.45	1363574	1409768192.00
2012/05/08	699.34	700.38	692.71	698.02	1065532	973192960.00
2012/05/09	693.63	693.67	680.68	683.09	960205	937721408.00
2012/05/10	682.84	688.68	681.52	684.55	673470	675835456.00
2012/05/11	684.44	691.29	682.13	682.64	659942	699332224.00
2012/05/14	687.70	689.00	675.97	677.98	869715	848935616.00
2012/05/15	674.40	677.40	668.39	677.03	657899	651031488.00
2012/05/16	677.47	677.47	666.29	666.90	682584	692655936.00
2012/05/17	667.39	676.70	663.31	676.28	812231	810504064.00
2012/05/18	671.46	672.19	659.33	660.18	762074	735359552.00
2012/05/21	657.46	663.28	654.34	656.81	565988	578405952.00
2012/05/22	660.53	667.43	660.45	667.17	553042	562758144.00
2012/05/23	667.05	668.61	657.01	662.98	614300	574300672.00
2012/05/24	662.54	669.95	658.01	666.18	791993	758560768.00
2012/05/25	666.19	666.65	656.19	656.74	525985	485314240.00
2012/05/28	652.04	659.00	636.67	658.81	704135	615343680.00
2012/05/29	660.12	670.56	659.77	667.56	819568	762051776.00
2012/05/30	667.11	669.48	663.51	667.36	695546	673669632.00
2012/05/31	667.09	676.99	664.09	674.23	859727	876025728.00
2012/06/01	673.76	675.55	665.24	669.33	616807	623722176.00
2012/06/04	657.55	660.42	646.06	646.06	746975	731631616.00
2012/06/05	646.69	649.61	642.47	644.58	496684	461928352.00
2012/06/06	644.06	649.80	640.32	643.09	517976	508887872.00
2012/06/07	648.76	651.05	635.00	637.72	559541	501911712.00
2012/06/08	643.86	643.86	631.91	632.50	549517	490572864.00
2012/06/11	634.56	642.46	631.07	641.95	715483	720694016.00
2012/06/12	639.51	640.06	634.59	636.35	451350	486915232.00
2012/06/13	637.23	644.34	636.14	644.26	556072	577325888.00
2012/06/14	643.90	646.34	638.29	640.48	653314	674298560.00
2012/06/15	641.12	643.98	637.93	643.42	571998	647498880.00
2012/06/18	646.17	649.46	644.84	647.91	656403	700857472.00
2012/06/19	647.29	647.57	642.72	643.33	678121	708153920.00
2012/06/20	644.79	654.66	644.79	651.44	912181	942870784.00
2012/06/21	650.59	650.59	638.41	642.13	766692	843201024.00
2012/06/25	639.00	639.35	623.54	623.87	648994	715669760.00
2012/06/26	621.85	624.46	612.88	624.13	579999	610992448.00
2012/06/27	623.19	627.72	619.32	619.89	560703	659090240.00
2012/06/28	621.56	623.11	613.33	614.03	538242	580541888.00
2012/06/29	612.97	629.04	608.49	629.03	631826	674185024.00
2012/07/02	631.16	635.32	625.50	630.79	658441	751929600.00
2012/07/03	630.77	636.16	628.44	631.51	672755	731152832.00
2012/07/04	631.89	633.89	626.41	627.15	467282	552517120.00
2012/07/05	626.20	626.20	612.67	615.29	565457	578152512.00
2012/07/06	617.74	621.60	605.99	619.32	645865	683772288.00
2012/07/09	617.33	617.33	598.33	598.33	589035	619239808.00
2012/07/10	597.13	599.71	591.63	593.70	502668	540245120.00
2012/07/11	593.78	598.60	592.55	596.29	418506	481096288.00
2012/07/12	596.17	603.26	590.41	601.65	652004	712760256.00
2012/07/13	600.57	602.73	594.93	595.47	532127	559801664.00
2012/07/16	596.02	596.33	570.16	573.01	704701	692898176.00
2012/07/17	571.75	574.78	567.47	573.60	485654	519655136.00
2012/07/18	573.55	579.58	565.32	579.58	497155	468891456.00
2012/07/19	578.51	590.46	576.31	586.10	751742	691608448.00
2012/07/20	583.97	590.10	582.47	584.34	546898	531453888.00
2012/07/23	581.11	581.85	574.95	579.64	513123	472940672.00
2012/07/24	575.73	584.79	574.53	581.89	482293	486690976.00
2012/07/25	580.60	580.63	575.24	576.76	435471	483332864.00
2012/07/26	582.18	583.22	573.91	573.91	516532	621179584.00
2012/07/27	576.58	578.54	570.27	573.20	404382	464365632.00
2012/07/30	573.07	575.33	562.42	564.81	488497	440630400.00
2012/07/31	565.65	566.01	557.13	558.78	434317	419568992.00
2012/08/01	557.31	571.07	557.31	568.63	440762	424540288.00
2012/08/02	568.81	574.37	564.92	568.51	431354	435688640.00
2012/08/03	568.93	577.37	566.71	577.28	573580	527741056.00
2012/08/06	576.53	588.14	575.38	587.93	774604	697982528.00
2012/08/07	587.01	593.12	586.72	591.99	701724	667724992.00
2012/08/08	591.89	595.33	588.45	590.56	579757	549583424.00
2012/08/09	591.03	595.67	586.75	595.64	793815	739663104.00
2012/08/10	595.19	604.08	593.74	597.29	918880	847600256.00
2012/08/13	596.09	596.09	586.06	586.90	719261	655384192.00
2012/08/14	588.32	596.86	582.91	596.23	771835	743341696.00
2012/08/15	595.26	595.26	588.21	589.09	621090	590718976.00
2012/08/16	588.70	590.18	584.07	586.84	483910	475022688.00
2012/08/17	585.90	590.15	582.30	587.78	521409	528224576.00
2012/08/20	585.24	589.66	578.97	588.73	529620	549367488.00
2012/08/21	590.84	600.90	586.88	600.10	903970	971174144.00
2012/08/22	597.76	598.72	589.26	593.44	688075	823160704.00
2012/08/23	593.17	597.29	589.74	595.86	821747	868672960.00
2012/08/24	594.01	596.62	581.34	582.73	975818	819739520.00
2012/08/27	579.72	579.72	568.54	570.95	795376	729953088.00
2012/08/28	571.54	578.60	570.63	576.88	630021	675958720.00
2012/08/29	576.66	583.39	573.50	576.78	889546	857048128.00
2012/08/30	576.97	580.10	566.36	572.71	1092390	961271744.00
2012/08/31	570.62	575.77	568.44	574.59	813202	678303936.00
2012/09/03	572.99	581.58	571.42	581.03	760392	725942464.00
2012/09/04	580.09	585.35	574.19	576.73	1022865	913888640.00
2012/09/05	575.97	589.47	574.40	585.33	1381406	1134382592.00
2012/09/06	585.95	590.84	584.99	589.92	984913	946245056.00
2012/09/07	594.16	614.70	594.13	606.66	1790573	1733320576.00
2012/09/10	607.43	617.60	605.93	616.26	1558094	1506825600.00
2012/09/11	616.45	621.20	613.59	615.50	1614272	1632620544.00
2012/09/12	619.08	620.93	610.38	618.54	1131292	1147171456.00
2012/09/13	617.33	620.09	610.44	611.30	1101816	1197694720.00
2012/09/14	615.28	616.86	603.71	609.97	1078584	1030421504.00
2012/09/17	609.25	609.25	589.08	589.30	854916	800841472.00
2012/09/18	587.31	593.23	585.64	588.70	610463	614931776.00
2012/09/19	591.38	602.70	591.35	599.24	1020381	826235456.00
2012/09/20	600.99	603.44	583.40	583.86	1733953	1231976064.00
2012/09/21	582.41	582.89	571.56	572.20	1205421	836902208.00
2012/09/24	569.81	576.97	563.93	573.92	838177	628726656.00
2012/09/25	573.63	575.18	567.24	570.09	705929	646252416.00
2012/09/26	569.04	570.86	555.92	558.22	759694	628721152.00
2012/09/27	557.75	572.96	556.84	569.82	856220	681343232.00
2012/09/28	566.74	577.89	564.87	577.57	744591	599359296.00
2012/10/08	578.22	581.06	572.32	575.19	516816	421411040.00
2012/10/09	576.92	590.01	576.36	589.51	873332	726635328.00
2012/10/10	590.17	596.81	588.45	594.46	1150228	835508992.00
2012/10/11	594.48	595.40	584.82	584.82	979945	803479744.00
2012/10/12	586.06	591.35	577.58	582.95	703695	558053376.00
2012/10/15	584.23	584.68	570.55	575.25	593235	470751264.00
2012/10/16	575.42	579.74	572.30	575.91	455487	398180608.00
2012/10/17	577.06	578.60	570.96	576.45	474620	383978080.00
2012/10/18	577.91	587.87	577.78	586.66	897839	699148800.00
2012/10/19	586.28	587.24	581.56	585.48	801920	670852096.00
2012/10/22	585.12	587.95	582.56	586.62	748968	768827008.00
2012/10/23	586.72	587.41	578.51	579.14	814116	826061376.00
2012/10/24	575.36	583.82	574.57	578.44	1201834	748262336.00
2012/10/25	577.62	580.63	572.83	573.52	973308	818085760.00
2012/10/26	573.53	574.30	557.19	559.23	838056	716896448.00
2012/10/29	557.16	558.19	552.91	554.64	613647	484316512.00
2012/10/30	555.36	557.46	551.56	553.16	523689	403493728.00
2012/10/31	552.91	556.31	550.70	556.31	442651	340796128.00
2012/11/01	555.86	565.29	555.86	563.14	720261	598839104.00
2012/11/02	563.90	566.00	560.00	564.76	710976	609805120.00
2012/11/05	564.44	566.85	560.95	562.65	578230	582290880.00
2012/11/06	562.41	563.42	551.58	556.78	564649	506900928.00
2012/11/07	557.49	558.17	553.88	555.15	413444	352633056.00
2012/11/08	551.85	551.85	540.65	541.00	601932	494328256.00
2012/11/09	540.08	542.95	536.18	537.59	566393	472409632.00
2012/11/12	539.36	542.07	536.67	540.38	607093	421108384.00
2012/11/13	540.35	540.54	527.07	527.69	619780	467656288.00
2012/11/14	527.64	529.38	524.40	528.61	454725	344632064.00
2012/11/15	526.67	527.52	517.65	518.25	445209	345850016.00
2012/11/16	517.88	518.07	507.22	510.78	525951	398900416.00
2012/11/19	510.23	512.67	505.93	512.55	394123	322753344.00
2012/11/20	513.99	514.96	508.85	509.66	391494	356974496.00
2012/11/21	510.34	516.17	505.67	516.03	489932	423417632.00
2012/11/22	513.54	513.54	507.67	508.68	331731	274212000.00
2012/11/23	510.30	512.36	508.24	508.82	334723	278020704.00
2012/11/26	508.52	508.77	501.46	503.12	367034	282075520.00
2012/11/27	501.90	501.90	484.63	484.88	618806	520591616.00
2012/11/28	482.30	482.30	471.46	472.32	504635	397008384.00
2012/11/29	473.01	475.70	467.47	467.59	392176	328024768.00
2012/11/30	468.02	473.44	467.45	471.58	419540	350583264.00
2012/12/03	471.38	472.95	456.07	456.55	462575	350750688.00
2012/12/04	458.48	470.40	457.81	469.64	698233	483397056.00
2012/12/05	471.47	489.95	468.71	487.07	1227786	923833024.00
2012/12/06	486.41	492.57	485.65	487.83	857108	723326848.00
2012/12/07	487.87	496.14	485.06	495.55	995736	760455936.00
2012/12/10	495.84	503.43	493.96	502.66	998252	788490048.00
2012/12/11	501.21	501.92	496.21	497.89	772116	571669696.00
2012/12/12	497.33	499.10	489.28	494.57	709474	520276192.00
2012/12/13	494.22	496.55	487.16	488.59	713340	516800512.00
2012/12/14	488.67	510.50	487.64	507.92	1319987	1029308736.00
2012/12/17	507.91	513.10	507.58	512.38	1095051	995607744.00
2012/12/18	511.95	515.87	508.18	509.73	931560	792247680.00
2012/12/19	508.98	514.73	508.29	512.27	745283	614424128.00
2012/12/20	512.36	514.89	508.21	514.31	753607	640152256.00
2012/12/21	514.12	520.74	511.74	515.49	904812	805174528.00
2012/12/24	515.19	518.35	513.41	514.90	726353	782480768.00
2012/12/25	514.56	528.16	513.71	528.03	1505680	1327425664.00
2012/12/26	527.92	538.84	526.47	538.74	1480460	1289516416.00
2012/12/27	539.71	541.24	533.68	535.13	1176381	1079146112.00
2012/12/28	534.73	539.51	532.47	539.41	1084157	914450496.00
2012/12/31	539.23	547.78	538.18	547.76	1191062	1086433920.00
2013/01/04	549.44	550.58	538.53	542.45	1005206	926516352.00
2013/01/07	541.23	542.97	537.03	542.80	830080	794273408.00
2013/01/08	542.55	551.33	540.74	550.06	1214744	1128578176.00
2013/01/09	549.89	553.14	546.25	549.41	1260413	1230200960.00
2013/01/10	554.79	559.17	549.93	554.13	1757362	1613243136.00
2013/01/11	553.88	556.56	539.78	540.75	1746174	1667796864.00
2013/01/14	538.28	563.13	537.84	563.11	1946312	2001902592.00
2013/01/15	563.94	575.69	562.20	573.42	2334943	2428769280.00
2013/01/16	569.40	577.87	562.86	574.82	2119543	1946455168.00
2013/01/17	574.55	576.52	562.50	565.04	1675914	1587693696.00
2013/01/18	566.62	571.16	562.24	571.00	1354702	1177970560.00
2013/01/21	572.81	575.55	567.68	573.95	1313523	1152048896.00
2013/01/22	574.15	574.58	558.64	563.76	1493082	1362896512.00
2013/01/23	562.77	566.13	554.72	565.22	1316469	1230629760.00
2013/01/24	564.42	572.02	548.12	551.73	1657692	1618054144.00
2013/01/25	550.98	552.95	546.75	549.02	838736	786148480.00
2013/01/28	549.57	562.01	549.57	561.73	1149022	1047039168.00
2013/01/29	561.91	568.30	559.95	567.60	1435199	1257956608.00
2013/01/30	566.98	570.27	563.20	569.68	1541992	1426027264.00
2013/01/31	568.21	568.99	563.04	565.89	1236427	1164541824.00
2013/02/01	564.57	570.14	563.34	567.26	1181231	999613312.00
2013/02/04	567.89	569.81	560.96	561.81	1154809	1113471232.00
2013/02/05	559.29	573.50	557.75	573.22	1524456	1353296384.00
2013/02/06	572.49	580.27	572.27	575.51	1298449	1198242176.00
2013/02/07	576.38	579.02	571.55	577.24	966443	948310976.00
2013/02/08	578.27	592.45	578.27	589.21	1397533	1376207616.00
2013/02/18	593.85	598.65	591.19	596.84	1401691	1418613504.00
2013/02/19	596.59	598.34	583.70	585.53	1187232	1114312960.00
2013/02/20	585.89	596.27	584.83	596.25	1024386	983382464.00
2013/02/21	593.26	596.68	583.51	586.23	1399720	1353681024.00
2013/02/22	585.15	589.25	578.94	579.81	878360	879506560.00
2013/02/25	582.92	591.27	580.18	591.26	984139	1065095296.00
2013/02/26	589.88	597.72	586.87	588.29	1277912	1380542208.00
2013/02/27	588.79	593.16	584.83	589.06	884467	925249728.00
2013/02/28	589.72	599.34	585.92	599.06	1087028	1095660032.00
2013/03/01	598.46	609.87	596.94	609.63	1247419	1303320832.00
2013/03/04	606.03	610.31	588.44	591.99	1604803	1553124480.00
2013/03/05	591.28	604.16	589.75	604.04	1324811	1305173888.00
2013/03/06	605.87	628.70	605.36	624.84	2479546	2233919488.00
2013/03/07	625.22	625.22	605.30	613.21	1625425	1560248832.00
2013/03/08	613.02	618.83	603.09	604.58	1239729	1092857728.00
2013/03/11	604.51	614.23	602.47	607.99	968749	863132352.00
2013/03/12	608.77	610.31	581.02	587.18	1369062	1191846400.00
2013/03/13	586.11	586.11	572.02	576.40	1004734	920283968.00
2013/03/14	574.99	582.27	574.17	575.37	906055	780182144.00
2013/03/15	578.43	591.51	572.74	582.41	1289869	1186987904.00
2013/03/18	580.80	588.22	579.29	579.69	1021690	1044353728.00
2013/03/19	578.42	582.55	570.88	579.65	854799	877481024.00
2013/03/20	578.39	593.81	577.78	593.22	1168560	1075151104.00
2013/03/21	593.39	608.14	593.26	604.96	1444396	1363257088.00
2013/03/22	605.22	610.33	604.76	607.99	1287290	1318359168.00
2013/03/25	607.24	609.42	599.29	600.43	1284574	1192938752.00
2013/03/26	598.78	600.40	590.71	595.46	1078639	1009657984.00
2013/03/27	594.74	599.85	591.19	595.38	955790	990876032.00
2013/03/28	591.49	591.49	575.72	577.09	1183078	1069073856.00
2013/03/29	577.22	585.95	577.22	582.31	830651	892982080.00
2013/04/01	581.97	590.80	580.67	589.77	776108	844185600.00
2013/04/02	589.07	595.19	576.97	579.57	833842	917452352.00
2013/04/03	580.09	581.77	573.89	576.97	835380	810615616.00
2013/04/08	570.41	577.36	564.30	577.17	930779	880746112.00
2013/04/09	579.02	586.78	578.91	583.72	813041	822450496.00
2013/04/10	583.10	585.74	576.63	580.70	861794	849787968.00
2013/04/11	587.36	593.18	574.47	574.47	1516423	1342846080.00
2013/04/12	569.87	570.13	563.74	566.17	1121375	1169488896.00
2013/04/15	561.78	562.48	551.29	552.74	846039	857056768.00
2013/04/16	547.91	558.41	544.99	557.91	732250	682498560.00
2013/04/17	559.61	566.26	559.14	565.81	717447	823211584.00
2013/04/18	563.75	569.63	560.65	566.78	632695	673756800.00
2013/04/19	567.39	579.22	567.39	578.19	955727	1062231360.00
2013/04/22	575.14	580.88	574.93	577.51	1102005	1219062272.00
2013/04/23	578.73	579.49	561.44	561.95	1124222	1282210688.00
2013/04/24	561.96	579.23	560.53	579.23	1161772	1213653248.00
2013/04/25	576.33	584.81	572.81	574.04	1194358	1246896512.00
2013/04/26	573.78	576.33	559.72	561.63	770250	755499328.00
2013/05/02	560.47	564.96	557.99	564.88	594479	592025600.00
2013/05/03	566.42	577.70	566.17	574.11	829607	860419200.00
2013/05/06	574.71	588.36	574.71	587.60	1178029	1164556928.00
2013/05/07	587.84	588.11	582.91	586.32	857778	855418112.00
2013/05/08	586.94	593.06	586.94	592.91	1387222	1311836416.00
2013/05/09	593.85	594.60	586.06	593.63	1386159	1434497920.00
2013/05/10	595.34	600.46	593.62	599.80	1437838	1438142848.00
2013/05/13	602.28	609.19	599.04	609.19	1404098	1605636096.00
2013/05/14	610.47	610.47	597.52	601.56	1100041	1319724160.00
2013/05/15	602.53	616.10	602.46	616.10	1394776	1474088064.00
2013/05/16	615.90	634.76	615.19	630.63	2334114	2280240640.00
2013/05/17	631.36	645.05	630.46	642.52	2554518	2438609152.00
2013/05/20	645.86	654.19	645.30	654.12	2459489	2483372544.00
2013/05/21	656.19	682.85	654.95	680.35	4413254	3931392000.00
2013/05/22	677.62	681.85	664.07	670.27	2827125	2578307328.00
2013/05/23	667.90	687.80	665.36	671.05	4704641	3215761920.00
2013/05/24	671.99	685.13	669.90	684.28	3006644	2566511104.00
2013/05/27	688.05	692.52	682.38	687.74	2875444	2708931328.00
2013/05/28	688.50	689.37	672.07	678.74	2502781	2157618176.00
2013/05/29	678.75	687.43	678.41	686.74	2387460	2145134208.00
2013/05/30	685.32	688.76	680.37	685.28	2093417	1941366144.00
2013/05/31	686.37	691.43	680.96	682.07	2580338	2351226368.00
2013/06/03	682.00	686.64	674.21	680.52	2323777	2108696320.00
2013/06/04	682.39	682.39	658.99	664.93	2374265	2141976064.00
2013/06/05	664.80	668.79	658.19	663.72	1431142	1395942912.00
2013/06/06	662.74	664.60	655.87	656.94	1468864	1388041088.00
2013/06/07	657.21	660.47	639.02	644.96	1684629	1553895040.00
2013/06/13	638.09	638.09	610.13	629.16	1980743	1524522368.00
2013/06/14	630.08	644.12	630.08	640.85	1585413	1361798400.00
2013/06/17	641.83	648.59	635.66	639.70	1617351	1407241856.00
2013/06/18	640.35	652.04	631.68	648.90	1964718	1763457920.00
2013/06/19	643.91	643.91	632.04	641.21	1694248	1563990656.00
2013/06/20	637.68	641.32	622.19	624.44	1459506	1477068928.00
2013/06/21	612.90	621.35	606.88	617.02	1356154	1246773760.00
2013/06/24	615.80	617.27	578.77	581.93	1737945	1546730368.00
2013/06/25	577.46	584.39	542.58	582.72	2201092	1847328896.00
2013/06/26	582.77	599.19	579.53	599.19	1980024	1860763392.00
2013/06/27	594.06	601.93	578.88	579.53	2681577	2268082688.00
2013/06/28	572.60	587.62	566.50	576.13	1581193	1320739712.00
2013/07/01	573.58	587.12	570.74	586.62	1335055	1190498304.00
2013/07/02	587.43	601.33	585.23	601.33	1683863	1669500288.00
2013/07/03	600.35	610.24	586.06	606.98	2011574	1883330048.00
2013/07/04	601.38	618.95	598.98	610.28	1888183	1748045312.00
2013/07/05	610.25	615.35	603.47	603.54	1527582	1407362688.00
2013/07/08	594.17	594.17	577.14	578.23	1458388	1309402496.00
2013/07/09	576.38	580.70	569.88	577.80	1033923	958401920.00
2013/07/10	576.55	595.59	576.13	595.42	1323830	1214538752.00
2013/07/11	595.03	612.62	592.78	606.52	1856175	1599078912.00
2013/07/12	605.51	621.38	604.87	607.33	2236603	1881892352.00
2013/07/15	608.02	625.41	607.93	625.41	2257848	2301714176.00
2013/07/16	624.62	634.57	620.89	634.09	1859689	1922405504.00
2013/07/17	633.83	637.19	620.69	621.02	1805741	1783811456.00
2013/07/18	618.12	635.86	613.97	633.92	2136288	2054787968.00
2013/07/19	632.31	651.10	628.46	628.97	3313728	2744376576.00
2013/07/22	621.12	651.47	619.71	651.43	3092320	2425655040.00
2013/07/23	653.33	665.86	653.33	663.53	3413626	3172670976.00
2013/07/24	661.31	692.30	658.59	687.47	4167958	4283087616.00
2013/07/25	684.51	686.86	661.21	663.56	3418185	3512909056.00
2013/07/26	662.19	667.91	648.21	664.60	2353158	2358050048.00
2013/07/29	659.01	663.69	646.50	647.73	2037269	1906445184.00
2013/07/30	647.78	651.34	630.13	637.64	1624645	1526910592.00
2013/07/31	641.64	652.88	641.64	645.70	1636497	1452222592.00
2013/08/01	645.80	671.12	645.71	670.21	2540223	2325518848.00
2013/08/02	672.45	686.04	670.65	678.76	3205745	2956678656.00
2013/08/05	678.90	685.17	676.31	684.79	2294843	2095762816.00
2013/08/06	690.22	696.77	684.72	695.83	2736433	2674680576.00
2013/08/07	695.75	696.70	680.91	682.35	3132199	3108811776.00
2013/08/08	679.97	694.46	679.19	688.65	2271821	2196669440.00
2013/08/09	689.16	693.74	674.72	684.56	1974213	2020811008.00
2013/08/12	685.24	692.66	682.13	692.66	2588575	2574689024.00
2013/08/13	691.73	696.65	688.34	694.20	2177419	1944786688.00
2013/08/14	694.29	709.29	687.07	702.11	3503164	3373507840.00
2013/08/15	701.74	708.45	692.65	692.94	2683646	2730261504.00
2013/08/16	687.18	715.10	681.37	683.37	3840104	3898459136.00
2013/08/19	681.33	713.56	680.60	713.26	3313481	3324178688.00
2013/08/20	716.12	724.63	713.36	722.67	3198753	3290776576.00
2013/08/21	719.71	741.61	716.02	739.07	4652862	4316471296.00
2013/08/22	736.04	758.47	734.66	752.72	5967657	4786192384.00
2013/08/23	758.41	762.41	729.86	748.58	7225486	5300731904.00
2013/08/26	743.97	767.56	743.93	766.45	4874323	4202715904.00
2013/08/27	764.04	777.08	752.59	772.21	4799606	4001746432.00
2013/08/28	762.30	763.84	746.17	746.80	4129938	3630878976.00
2013/08/29	744.46	748.91	731.72	737.03	3011089	2653717248.00
2013/08/30	734.58	738.04	703.47	710.24	3740021	3299099136.00
2013/09/02	708.17	721.89	708.14	716.28	1920788	1712173312.00
2013/09/03	715.61	736.27	715.20	736.06	2389892	2131535104.00
2013/09/04	737.08	742.44	732.29	734.02	1912789	1956422144.00
2013/09/05	733.56	741.69	729.82	737.05	2125192	2108363392.00
2013/09/06	735.24	744.47	732.85	742.83	2331686	2370425856.00
2013/09/09	743.63	745.39	738.59	742.00	2472836	2384099328.00
2013/09/10	742.36	748.53	739.36	747.61	2820117	2516098560.00
2013/09/11	746.67	747.59	725.19	728.89	2869048	2667443456.00
2013/09/12	726.75	736.27	721.85	724.56	2022639	1853471360.00
2013/09/13	723.32	741.59	722.39	741.36	2675170	2251480832.00
2013/09/16	742.76	749.88	740.80	745.87	2942211	2453844224.00
2013/09/17	745.12	746.05	735.57	735.64	2426774	2016691328.00
2013/09/18	734.89	749.50	734.89	749.18	2516320	2285055232.00
2013/09/23	751.51	765.26	750.63	764.11	2899164	2732442624.00
2013/09/24	763.45	769.68	758.41	764.17	2788929	2673381376.00
2013/09/25	763.58	772.33	761.52	770.58	3465973	3300895232.00
2013/09/26	771.46	780.60	760.50	761.26	2997813	2702167040.00
2013/09/27	759.22	764.81	755.58	759.79	2255701	2047601280.00
2013/09/30	765.91	784.78	765.91	784.78	2980302	2913513728.00
2013/10/08	787.89	806.36	786.51	804.32	3846864	3939711744.00
2013/10/09	801.58	809.27	799.38	807.37	3920763	3672077824.00
2013/10/10	807.90	817.17	795.73	796.98	4503502	4382012416.00
2013/10/11	804.87	824.02	802.77	822.12	5042733	4630840320.00
2013/10/14	822.33	825.63	816.86	819.12	4345082	4200439040.00
2013/10/15	816.28	816.28	795.62	809.30	3822078	3604444928.00
2013/10/16	806.32	806.32	776.98	781.73	3522718	3403148288.00
2013/10/17	784.97	790.42	774.14	777.50	2616619	2504573184.00
2013/10/18	777.82	790.83	773.80	789.84	1853854	2091713280.00
2013/10/21	793.14	817.08	792.91	815.56	3128710	3470405376.00
2013/10/22	813.96	819.12	791.13	793.37	3051971	3206980352.00
2013/10/23	794.77	799.41	759.21	764.88	2495980	2583822848.00
2013/10/24	762.11	774.32	760.93	767.17	1599213	1782493056.00
2013/10/25	766.10	770.57	738.79	745.59	2015056	2101023360.00
2013/10/28	745.71	747.94	735.02	739.00	1561709	1568752896.00
2013/10/29	740.02	746.69	696.41	720.97	2466155	2341870080.00
2013/10/30	719.89	734.89	717.45	734.11	1657509	1694468992.00
2013/10/31	737.74	738.09	719.91	724.43	1607981	1550785152.00
2013/11/01	721.00	722.04	706.29	718.55	1327456	1295873664.00
2013/11/04	718.46	730.23	718.00	726.31	1067783	1105706496.00
2013/11/05	724.94	737.49	715.70	737.35	1314658	1271703680.00
2013/11/06	735.86	745.26	730.23	730.55	1500850	1582114304.00
2013/11/07	727.18	729.08	711.25	712.87	1128926	1153780352.00
2013/11/08	712.45	713.22	696.84	699.28	1172063	1241186816.00
2013/11/11	698.34	708.26	691.95	704.12	823295	873465792.00
2013/11/12	704.43	715.12	703.18	714.85	992661	1052530048.00
2013/11/13	720.26	723.68	711.10	711.90	1262885	1365583488.00
2013/11/14	711.98	742.82	710.40	742.82	1864692	2158526976.00
2013/11/15	746.06	776.39	746.06	763.89	2521835	3063533568.00
2013/11/18	773.23	787.51	771.78	783.33	3189393	3837518080.00
2013/11/19	783.10	784.39	778.18	782.70	2295960	2606990080.00
2013/11/20	783.72	800.13	783.66	799.89	2854612	3539350528.00
2013/11/21	796.88	802.45	789.72	794.86	2648138	3290607360.00
2013/11/22	795.52	797.91	781.69	781.77	2178520	2551693312.00
2013/11/25	782.78	799.91	779.38	793.42	2562477	2986268416.00
2013/11/26	793.25	804.42	791.73	801.46	2197936	2802105088.00
2013/11/27	802.37	821.34	798.91	821.29	2463401	3166002176.00
2013/11/28	820.08	833.08	820.08	825.89	2774610	3172277504.00
2013/11/29	824.19	830.65	822.72	829.05	2138370	2774653696.00
2013/12/02	809.23	825.08	786.32	800.12	3669837	4208336896.00
2013/12/03	796.43	819.16	795.08	817.81	2077985	2608172544.00
2013/12/04	816.53	836.13	814.60	824.34	2225122	2837378304.00
2013/12/05	825.98	839.47	825.56	831.63	2568212	3087014656.00
2013/12/06	828.77	831.13	818.50	820.40	1930555	2457518080.00
2013/12/09	822.06	829.35	820.22	821.90	1427993	1854567936.00
2013/12/10	822.49	834.31	821.63	829.59	2049374	2362023680.00
2013/12/11	825.88	826.84	812.83	818.72	1778946	2074011904.00
2013/12/12	816.24	826.43	816.23	819.17	1464448	1881995904.00
2013/12/13	817.12	829.24	814.54	825.43	1709969	2494982400.00
2013/12/16	826.51	826.51	806.70	808.02	1842375	2409982720.00
2013/12/17	809.70	811.51	802.39	805.55	1300226	1694114560.00
2013/12/18	809.67	815.23	805.93	810.10	1515068	1629436160.00
2013/12/19	810.94	818.97	797.78	798.04	1797875	1733234944.00
2013/12/20	798.78	799.98	785.49	787.83	1549996	1766953472.00
2013/12/23	789.04	792.43	774.06	785.63	1241104	1548488576.00
2013/12/24	788.03	811.86	788.03	807.92	1945238	2539356416.00
2013/12/25	807.86	821.83	806.64	821.83	1823073	2400906752.00
2013/12/26	822.82	822.82	807.06	807.32	1763589	2295950080.00
2013/12/27	807.20	833.65	807.05	831.48	2077083	2687656704.00
2013/12/30	836.21	842.08	831.95	834.62	1920031	2621039104.00
2013/12/31	829.54	832.98	823.00	825.49	1540385	2085811584.00
2014/01/02	825.30	840.97	822.57	840.97	1606415	2242811392.00
2014/01/03	838.73	841.95	833.70	841.39	2251999	2748693760.00
2014/01/06	841.36	841.36	819.34	819.91	2761501	2870830080.00
2014/01/07	814.24	827.20	813.19	826.75	2198313	2306395136.00
2014/01/08	828.93	845.68	825.65	845.47	2461715	3040843008.00
2014/01/09	842.36	853.84	824.81	825.61	2371177	2726553088.00
2014/01/10	821.56	827.13	812.17	815.24	2111995	2279421440.00
2014/01/13	814.59	818.70	793.75	799.01	1962012	2372548608.00
2014/01/14	799.07	816.30	795.71	816.30	2309645	2621322240.00
2014/01/15	816.68	836.22	816.37	836.09	2540721	3087056384.00
2014/01/16	835.57	843.12	833.35	836.18	1994854	2617857024.00
2014/01/17	833.56	839.83	827.56	828.10	2241639	2676431360.00
2014/01/20	827.88	836.97	824.12	830.78	2289982	2664219392.00
2014/01/21	829.36	846.80	828.89	846.80	2326221	3113337088.00
2014/01/22	847.60	867.03	847.60	866.21	3276041	4158441216.00
2014/01/23	864.76	884.84	864.61	880.17	3322670	4388932096.00
2014/01/24	876.03	883.84	874.46	883.33	2907417	4081324544.00
2014/01/27	880.11	898.97	873.79	886.64	3319462	4199191552.00
2014/01/28	885.22	890.43	869.52	870.96	2465649	3319261696.00
2014/01/29	873.48	900.97	872.97	900.78	2748296	3668689664.00
2014/01/30	898.01	904.57	893.24	897.49	2207998	2991984896.00
2014/02/07	889.70	921.28	885.94	921.28	2865896	3851655168.00
2014/02/10	922.19	946.50	922.19	944.37	3718965	5053007872.00
2014/02/11	944.92	952.42	931.51	940.80	3498735	4563596288.00
2014/02/12	943.62	947.66	934.24	947.65	3375184	4388257280.00
2014/02/13	944.42	944.42	915.99	916.24	3313095	4504518656.00
2014/02/14	916.02	933.82	912.04	933.58	2337272	3331591424.00
2014/02/17	935.82	961.93	935.82	961.93	2980562	4206664448.00
2014/02/18	961.61	961.61	951.35	955.61	3205681	4431292416.00
2014/02/19	955.31	978.54	955.31	972.76	4640776	5150748160.00
2014/02/20	971.22	972.45	939.25	941.57	3991139	4462936064.00
2014/02/21	939.67	958.25	936.85	947.95	2783000	3688868608.00
2014/02/24	944.40	957.51	938.47	957.51	2485495	3754950656.00
2014/02/25	958.99	967.78	910.00	916.11	4106302	5756572160.00
2014/02/26	908.15	923.62	886.12	923.07	2625615	3821055488.00
2014/02/27	924.03	947.94	909.31	911.04	2532486	3956622848.00
2014/02/28	928.30	932.66	899.89	922.46	2331552	3666869504.00
2014/03/03	932.19	952.42	928.10	952.25	2760020	3862548480.00
2014/03/04	951.70	955.04	932.61	945.58	2289011	3429573888.00
2014/03/05	950.65	954.50	933.65	937.37	2083962	2972614400.00
2014/03/06	934.50	938.50	918.11	932.70	1844960	2669668864.00
2014/03/07	931.90	938.46	917.99	920.41	1737148	2520028160.00
2014/03/10	917.82	917.82	888.26	892.30	2147788	2938575872.00
2014/03/11	886.79	894.24	879.26	887.85	1929213	3108983296.00
2014/03/12	884.43	894.23	865.52	883.03	1638491	2476738304.00
2014/03/13	881.25	892.23	880.43	890.28	1663551	2750277632.00
2014/03/14	887.37	898.89	884.86	893.92	1615148	2615563520.00
2014/03/17	892.85	909.82	888.32	909.82	1845870	3227883520.00
2014/03/18	913.45	926.28	911.02	919.71	2066355	3684159488.00
2014/03/19	917.91	917.91	906.84	914.80	1804540	3058804992.00
2014/03/20	913.39	918.72	882.58	882.58	1670023	2738426368.00
2014/03/21	879.15	898.00	861.63	895.96	1841948	3054702336.00
2014/03/24	895.35	896.82	880.54	882.87	1776529	2834977280.00
2014/03/25	878.14	881.48	872.00	880.66	1777118	2455797760.00
2014/03/26	876.50	884.30	875.22	876.95	1588042	2637258752.00
2014/03/27	876.05	876.34	853.74	853.94	1671416	2854911232.00
2014/03/28	849.98	854.26	831.79	833.53	1816928	2773608704.00
2014/03/31	830.43	830.80	816.02	822.61	1770072	2671832576.00
2014/04/01	821.22	834.70	821.14	834.39	994486	1510127616.00
2014/04/02	835.14	837.53	827.68	831.38	1071718	1596516608.00
2014/04/03	830.79	842.09	827.80	832.07	1269919	2016013568.00
2014/04/04	830.36	843.38	827.97	843.34	1538774	1887111424.00
2014/04/08	839.13	853.01	836.05	851.33	1437385	1954123648.00
2014/04/09	852.00	865.77	852.00	865.67	1542619	2449641216.00
2014/04/10	867.07	875.82	864.40	869.32	1811303	2805654272.00
2014/04/11	863.29	866.05	857.81	861.87	2014734	2416952320.00
2014/04/14	860.07	861.91	856.24	859.42	1533676	2179907328.00
2014/04/15	857.52	857.52	845.05	847.51	1617697	2056733824.00
2014/04/16	845.74	852.10	843.40	848.13	1156640	1653768704.00
2014/04/17	850.23	856.14	850.22	851.77	1734815	2119769088.00
2014/04/18	846.86	848.50	841.90	845.11	1870309	2367909888.00
2014/04/21	840.37	848.99	835.14	835.35	1473699	2069668736.00
2014/04/22	832.53	837.72	816.66	829.21	1463722	2082365696.00
2014/04/23	829.30	835.51	825.78	831.31	1189848	1678798848.00
2014/04/24	831.08	832.82	824.33	825.51	1242451	2036712576.00
2014/04/25	823.46	826.29	802.24	802.24	1421211	1952600192.00
2014/04/28	798.91	799.83	776.30	776.82	1344540	1817523840.00
2014/04/29	774.55	790.56	774.47	790.56	1155076	1605371520.00
2014/04/30	788.51	796.71	786.36	795.19	1388214	1739817728.00
2014/05/05	795.21	806.98	791.37	806.98	1302965	1928651776.00
2014/05/06	806.78	818.79	805.25	813.39	1287662	2099726976.00
2014/05/07	810.76	812.21	798.96	799.61	1332615	2066195072.00
2014/05/08	798.19	810.97	797.58	798.74	1011680	1607569152.00
2014/05/09	798.58	800.60	783.34	786.07	1147161	1664618240.00
2014/05/12	792.48	806.16	789.66	806.10	1425376	2008724736.00
2014/05/13	809.86	810.70	802.76	807.66	1305909	2056612736.00
2014/05/14	805.61	812.71	803.31	809.67	916108	1515126016.00
2014/05/15	808.31	811.95	795.64	796.37	1002924	1583640320.00
2014/05/16	795.65	796.00	778.43	790.96	949951	1420714496.00
2014/05/19	789.19	789.31	777.63	782.60	751784	1027286400.00
2014/05/20	787.66	798.52	787.01	795.09	1293090	1795346432.00
2014/05/21	791.99	808.31	788.70	808.31	1431523	1905892480.00
2014/05/22	810.19	817.81	808.56	812.92	2054370	2778578432.00
2014/05/23	811.30	838.81	811.26	838.67	2315111	3008630528.00
2014/05/26	844.92	848.55	840.13	847.56	1975799	3200657920.00
2014/05/27	845.75	853.41	843.22	846.08	1967778	3068827904.00
2014/05/28	852.60	892.12	852.24	888.70	3562007	4532153856.00
2014/05/29	901.84	903.09	881.14	887.50	4078422	6138800128.00
2014/05/30	883.60	897.09	877.14	891.65	3315394	5094960640.00
2014/06/03	895.63	899.96	886.17	886.45	2461525	4039780608.00
2014/06/04	889.47	889.90	875.05	883.27	2909746	3892590592.00
2014/06/05	879.18	893.33	875.54	893.28	3378401	3453581056.00
2014/06/06	895.62	898.97	883.14	889.46	3060805	3642060288.00
2014/06/09	884.95	887.22	880.34	880.77	2210101	2903339264.00
2014/06/10	881.91	904.11	879.62	901.09	3015941	4406840320.00
2014/06/11	898.76	905.34	896.39	899.74	2390729	3763062016.00
2014/06/12	896.24	903.04	891.82	897.46	2226746	3307163136.00
2014/06/13	893.89	917.43	888.40	912.35	2753975	4280865792.00
2014/06/16	910.03	924.31	909.69	920.73	2641395	4249976320.00
2014/06/17	920.89	926.15	912.18	912.90	3537734	4538560512.00
2014/06/18	909.88	911.74	903.16	904.44	2608393	3549324032.00
2014/06/19	903.53	905.02	862.97	868.37	2512002	3311309056.00
2014/06/20	867.32	876.21	864.07	875.89	1590387	2219294720.00
2014/06/23	875.47	888.76	875.40	880.71	1621576	2439416320.00
2014/06/24	878.80	890.09	878.80	884.80	1828490	2935599360.00
2014/06/25	885.00	885.00	872.63	875.01	1579516	2310197760.00
2014/06/26	874.57	895.37	874.57	890.23	1972646	3016944640.00
2014/06/27	889.11	899.91	886.59	893.31	1947205	2745309696.00
2014/06/30	892.91	908.52	892.50	907.29	2067453	3237683712.00
2014/07/01	908.29	916.72	908.12	915.16	2164809	3116602368.00
2014/07/02	913.72	920.92	905.73	914.85	2169478	3087447552.00
2014/07/03	913.73	920.09	909.66	917.16	2183463	2909082624.00
2014/07/04	916.57	923.74	912.92	917.11	1893021	3144049664.00
2014/07/07	915.13	922.99	914.38	919.69	1811634	2882320640.00
2014/07/08	920.51	937.49	917.55	935.52	2223903	3944657152.00
2014/07/09	933.41	935.50	919.60	919.98	2323840	4037711360.00
2014/07/10	917.03	923.02	906.15	906.94	1734699	3191317504.00
2014/07/11	906.61	919.59	905.41	919.55	1687800	2639427584.00
2014/07/14	924.09	935.77	919.64	935.77	2456212	3262068992.00
2014/07/15	934.76	939.77	929.59	938.99	3679803	4283795200.00
2014/07/16	936.37	936.37	918.86	923.42	2270503	3024879104.00
2014/07/17	922.51	926.16	907.02	912.92	1799808	2565885952.00
2014/07/18	909.15	920.20	906.67	910.48	1600751	1747468032.00
2014/07/21	910.56	913.35	904.61	909.90	1317388	1518801664.00
2014/07/22	909.83	919.17	909.25	917.04	1559715	1757470720.00
2014/07/23	918.35	918.35	897.81	902.66	1646138	2043315712.00
2014/07/24	901.43	904.01	881.40	892.99	1766500	2157767168.00
2014/07/25	892.43	907.93	892.42	907.26	1753126	2289784064.00
2014/07/28	914.11	925.58	913.88	923.61	2784776	3076823040.00
2014/07/29	924.19	940.77	924.19	935.38	2776595	3394711040.00
2014/07/30	936.45	950.55	933.05	949.87	2609582	3709925376.00
2014/07/31	948.15	953.98	946.25	952.68	2275667	2767730432.00
2014/08/01	949.70	957.04	938.64	941.67	3844620	3709654016.00
2014/08/04	943.53	955.03	942.61	955.01	2719459	2732272640.00
2014/08/05	956.72	963.10	950.50	963.05	2526972	3034592512.00
2014/08/06	963.41	976.50	957.08	976.25	3392797	3633893888.00
2014/08/07	974.76	980.54	964.61	965.75	3183807	3621291520.00
2014/08/08	967.92	982.30	967.92	978.60	2551817	3223009536.00
2014/08/11	979.54	999.72	979.37	996.15	3631971	3829731328.00
2014/08/12	996.06	1002.62	993.09	1000.28	3204385	3744824832.00
2014/08/13	1000.44	1000.44	977.46	990.72	2817627	3653011712.00
2014/08/14	991.02	1006.14	988.38	993.70	3275732	3887227648.00
2014/08/15	993.48	1015.07	992.10	1007.97	4018188	4823853568.00
2014/08/18	1010.28	1017.15	1006.34	1017.03	2532839	3641971200.00
2014/08/19	1017.98	1034.95	1016.19	1027.49	4031003	5533668352.00
2014/08/20	1025.99	1029.59	1017.93	1021.60	2673633	3826989824.00
2014/08/21	1021.02	1025.14	1008.82	1020.99	2563385	3341260032.00
2014/08/22	1019.87	1023.13	1014.26	1022.68	2747327	3382906368.00
2014/08/25	1022.07	1025.25	1013.10	1013.45	2535581	3871442688.00
2014/08/26	1012.33	1015.72	994.93	997.55	2310397	3230280192.00
2014/08/27	999.57	1013.60	999.38	1010.18	1999549	3470504960.00
2014/08/28	1009.01	1012.94	998.58	1001.73	1845875	2862701824.00
2014/08/29	1003.29	1017.60	1001.75	1017.51	1775277	2713753344.00
2014/09/01	1018.60	1039.66	1018.11	1039.51	2470444	4190221056.00
2014/09/02	1042.18	1061.86	1040.22	1057.87	3243473	5452493312.00
2014/09/03	1059.38	1061.91	1049.28	1057.07	3601932	5294158848.00
2014/09/04	1057.72	1065.25	1053.81	1064.47	3152713	4947153408.00
2014/09/05	1065.28	1065.62	1055.34	1065.29	2867930	4483042304.00
2014/09/09	1065.91	1066.77	1058.38	1062.68	2592740	3896064768.00
2014/09/10	1061.28	1065.68	1054.79	1065.19	2619591	3700835584.00
2014/09/11	1065.04	1082.96	1062.88	1074.94	3874444	5202574336.00
2014/09/12	1076.32	1083.03	1070.56	1082.87	3109281	4833262080.00
2014/09/15	1084.47	1094.86	1083.22	1092.28	3382754	4904582656.00
2014/09/16	1093.64	1099.75	1059.10	1059.65	4220851	6065003008.00
2014/09/17	1059.98	1066.01	1040.47	1064.91	3072760	4147145472.00
2014/09/18	1063.46	1070.48	1059.39	1066.74	2743406	3556341504.00
2014/09/19	1065.78	1077.89	1065.18	1074.55	2693440	3522103808.00
2014/09/22	1070.03	1070.03	1049.60	1054.63	3754304	4317053440.00
2014/09/23	1051.70	1071.47	1050.55	1070.70	2776152	3656255744.00
2014/09/24	1067.11	1083.24	1064.73	1083.09	3135668	4202987776.00
2014/09/25	1086.17	1097.19	1079.10	1083.11	3295695	4804821504.00
2014/09/26	1080.08	1080.51	1070.77	1078.14	2746602	3844876544.00
2014/09/29	1078.49	1097.58	1078.49	1096.43	4129895	4736478208.00
2014/09/30	1099.28	1117.68	1097.67	1115.55	4810338	5491457024.00
2014/10/08	1122.18	1141.96	1120.52	1141.24	6791575	6746209280.00
2014/10/09	1139.43	1143.26	1119.44	1131.95	5088289	5701345792.00
2014/10/10	1127.93	1132.95	1115.81	1126.40	4980618	5185256448.00
2014/10/13	1121.10	1128.37	1108.02	1128.28	3674502	4303323648.00
2014/10/14	1125.69	1138.77	1116.78	1124.55	3601613	4392163840.00
2014/10/15	1123.16	1131.33	1114.70	1131.04	3480132	4175772672.00
2014/10/16	1124.95	1132.37	1113.45	1113.45	3516125	4184599552.00
2014/10/17	1110.99	1116.10	1083.92	1105.17	3197488	3690080768.00
2014/10/20	1110.59	1132.13	1110.59	1132.13	3080162	3715713536.00
2014/10/21	1132.62	1142.13	1123.82	1123.82	4702804	4199002368.00
2014/10/22	1124.90	1137.75	1112.80	1114.49	3604885	3977890304.00
2014/10/23	1112.12	1118.23	1088.03	1092.37	3192256	3921293824.00
2014/10/24	1096.56	1110.35	1095.36	1103.34	5460179	4707188736.00
2014/10/27	1099.03	1109.24	1091.97	1106.68	4620811	4353538048.00
2014/10/28	1111.62	1137.20	1111.62	1137.20	4757863	5126158336.00
2014/10/29	1140.18	1160.23	1139.75	1155.07	6355351	6516231168.00
2014/10/30	1153.82	1162.26	1140.31	1146.43	4650562	5056874496.00
2014/10/31	1149.62	1154.30	1129.26	1139.93	4272705	4926071296.00
2014/11/03	1142.29	1158.57	1141.08	1155.50	3763664	4524683776.00
2014/11/04	1154.00	1154.50	1141.22	1153.44	3959445	4650901504.00
2014/11/05	1150.97	1155.61	1143.48	1152.32	2964552	3368252928.00
2014/11/06	1153.17	1170.05	1152.66	1169.79	3776299	4086614272.00
2014/11/07	1172.01	1175.12	1151.58	1154.07	4264875	4987033088.00
2014/11/10	1155.81	1157.77	1143.21	1149.86	3289884	3639697664.00
2014/11/11	1151.83	1151.94	1093.09	1102.19	4088919	5179984896.00
2014/11/12	1099.61	1122.92	1097.29	1122.78	2454826	3170859008.00
2014/11/13	1123.68	1123.68	1090.62	1100.21	2630402	3360478976.00
2014/11/14	1097.80	1111.77	1090.32	1109.35	2728902	3549236480.00
2014/11/17	1113.38	1132.08	1098.83	1120.74	3182724	3941681920.00
2014/11/18	1120.92	1123.66	1114.28	1117.86	2204571	2601785856.00
2014/11/19	1118.99	1165.17	1118.41	1158.84	5383011	6333671424.00
2014/11/20	1154.16	1154.67	1141.54	1146.91	2726874	3292975616.00
2014/11/21	1148.43	1155.04	1145.67	1154.39	2784625	3592406528.00
2014/11/24	1165.94	1167.51	1153.68	1165.79	3884535	5058619904.00
2014/11/25	1167.09	1193.87	1166.30	1190.38	4053336	5319762944.00
2014/11/26	1193.74	1199.30	1181.51	1191.08	3994839	5128409600.00
2014/11/27	1193.72	1195.16	1180.18	1189.60	4160758	5102096896.00
2014/11/28	1188.23	1202.38	1184.18	1202.15	4258141	5902994944.00
2014/12/01	1205.16	1205.31	1186.75	1199.94	4799373	6042539008.00
2014/12/02	1198.70	1216.82	1196.82	1210.94	4121001	5067597312.00
2014/12/03	1209.35	1219.28	1191.18	1218.11	4827881	6317383168.00
2014/12/04	1218.16	1235.08	1217.98	1229.51	4541755	6004644352.00
2014/12/05	1230.27	1230.71	1165.35	1199.04	5274814	6997848576.00
2014/12/08	1192.67	1219.04	1184.75	1205.36	4599784	7115480064.00
2014/12/09	1201.52	1202.31	1135.24	1136.00	5707441	9784367104.00
2014/12/10	1136.74	1179.90	1134.90	1178.06	3031565	5071702528.00
2014/12/11	1174.07	1200.50	1172.66	1196.95	3759387	5125155840.00
2014/12/12	1198.24	1217.53	1198.08	1216.35	4084814	6497696256.00
2014/12/15	1211.41	1246.28	1203.65	1242.22	4097724	6050380800.00
2014/12/16	1240.92	1247.50	1227.29	1239.74	3412577	5141155328.00
2014/12/17	1236.46	1236.46	1211.01	1220.49	3283576	4609368576.00
2014/12/18	1224.17	1244.16	1222.54	1232.08	2981352	4908686848.00
2014/12/19	1228.59	1234.58	1203.77	1223.14	3416199	5320069632.00
2014/12/22	1220.09	1220.09	1157.28	1157.29	4672426	5137498112.00
2014/12/23	1153.94	1170.65	1139.81	1142.30	2729257	3474596096.00
2014/12/24	1147.59	1178.05	1147.59	1178.04	2528111	3524748032.00
2014/12/25	1180.25	1188.52	1174.00	1188.42	2766315	3561605632.00
2014/12/26	1189.31	1200.89	1185.50	1198.27	2526823	3405168896.00
2014/12/29	1204.08	1204.54	1173.40	1179.22	2714481	3787818752.00
2014/12/30	1180.68	1180.92	1152.85	1153.62	2882520	3644069632.00
2014/12/31	1154.02	1163.70	1149.15	1163.35	2115832	2668768768.00
2015/01/05	1168.56	1179.73	1160.89	1175.87	2679295	3507896832.00
2015/01/06	1182.33	1189.98	1168.36	1184.94	2859309	3688032768.00
2015/01/07	1183.91	1189.97	1175.73	1187.37	2261968	2879982336.00
2015/01/08	1185.49	1202.00	1185.03	1194.15	2616479	3427866112.00
2015/01/09	1191.24	1220.95	1189.15	1200.79	3250732	4383695360.00
2015/01/12	1198.83	1221.60	1195.78	1221.60	2980750	4646375936.00
2015/01/13	1221.58	1254.62	1216.67	1245.64	4660270	5853451264.00
2015/01/14	1242.30	1252.77	1228.82	1241.86	3258875	4321727488.00
2015/01/15	1237.61	1248.82	1234.43	1239.82	2483403	3493928960.00
2015/01/16	1238.26	1285.29	1237.78	1278.54	4363356	5889363968.00
2015/01/19	1267.60	1298.94	1244.81	1260.87	4751324	6611055104.00
2015/01/20	1269.34	1329.74	1269.34	1329.69	7292312	9523776512.00
2015/01/21	1330.77	1335.02	1318.55	1333.95	5773695	7568809472.00
2015/01/22	1331.98	1345.55	1327.17	1345.55	4376440	6140462592.00
2015/01/23	1351.55	1352.58	1313.71	1316.96	4293605	6219002880.00
2015/01/26	1321.37	1348.95	1321.24	1345.49	4609221	6499212288.00
2015/01/27	1344.42	1346.14	1325.76	1339.74	4124875	5870402560.00
2015/01/28	1336.95	1347.12	1324.90	1327.03	3420794	4941071360.00
2015/01/29	1319.18	1333.72	1317.35	1324.77	2851685	4280743680.00
2015/01/30	1330.67	1336.22	1303.38	1303.96	3515262	4516932608.00
2015/02/02	1290.63	1313.18	1288.07	1305.53	2888759	3481622784.00
2015/02/03	1308.03	1342.38	1307.85	1337.61	4281739	5590072832.00
2015/02/04	1338.41	1349.57	1334.17	1335.49	3676086	4990059520.00
2015/02/05	1345.62	1387.37	1335.10	1359.09	6829173	8760796160.00
2015/02/06	1375.65	1384.74	1343.30	1350.02	5237099	7650907648.00
2015/02/09	1347.55	1349.69	1322.78	1326.43	4136690	6597797888.00
2015/02/10	1323.88	1350.29	1322.70	1349.86	3454484	5255613440.00
2015/02/11	1348.39	1385.64	1346.35	1380.83	4197602	6639577600.00
2015/02/12	1380.82	1400.87	1378.19	1393.32	4195863	6555503104.00
2015/02/13	1398.38	1409.82	1392.30	1400.36	4096415	6161233920.00
2015/02/16	1405.27	1433.79	1403.56	1433.31	5484051	7904346112.00
2015/02/17	1435.48	1438.39	1422.48	1431.64	3970441	5885644288.00
2015/02/25	1435.69	1450.20	1429.38	1434.32	5319251	7338114560.00
2015/02/26	1432.83	1441.92	1413.40	1429.04	4127302	6125764096.00
2015/02/27	1427.89	1453.32	1427.89	1450.88	4228109	6492542464.00
2015/03/02	1456.53	1486.54	1450.44	1486.54	5203094	8073274368.00
2015/03/03	1484.41	1510.44	1483.83	1491.55	6028801	9749897216.00
2015/03/04	1498.83	1530.25	1492.47	1523.18	5872792	9118096384.00
2015/03/05	1526.26	1536.37	1519.85	1531.16	5456281	8715765760.00
2015/03/06	1537.95	1546.41	1495.45	1498.17	4652667	7372532736.00
2015/03/09	1498.12	1526.01	1488.69	1525.14	3388733	5579747328.00
2015/03/10	1534.17	1554.49	1530.40	1547.24	4188597	6268307456.00
2015/03/11	1563.38	1568.82	1550.65	1556.28	3677491	6125355520.00
2015/03/12	1574.63	1584.49	1558.49	1565.84	5150299	8920667136.00
2015/03/13	1580.65	1616.67	1580.65	1616.61	5155870	9597928448.00
2015/03/16	1642.15	1704.10	1642.15	1703.51	9016909	14526502912.00
2015/03/17	1719.26	1747.10	1710.39	1747.10	6091041	9532760064.00
2015/03/18	1721.78	1761.83	1708.53	1759.94	7575968	13417508864.00
2015/03/19	1756.55	1773.41	1743.28	1773.15	7138741	13062534144.00
2015/03/20	1777.94	1858.83	1777.94	1839.45	7825459	16168052736.00
2015/03/23	1853.63	1911.26	1853.23	1911.18	9069250	16931932160.00
2015/03/24	1929.21	1958.64	1880.95	1944.28	9499641	18324686848.00
2015/03/25	1963.17	1998.40	1940.52	1971.64	7930718	16519932928.00
2015/03/26	1955.83	1956.90	1885.77	1899.82	6404105	12543371264.00
2015/03/27	1893.56	1911.90	1887.19	1902.78	4492677	8672389120.00
2015/03/30	1900.56	1914.43	1894.04	1905.75	5381602	9678203904.00
2015/03/31	1904.21	1922.24	1891.80	1905.87	5174086	9482812416.00
2015/04/01	1906.45	1957.44	1904.86	1951.44	5740852	10918521856.00
2015/04/02	1960.12	2001.46	1960.03	1999.23	7750068	13946441728.00
2015/04/03	1987.58	2016.14	1978.46	2012.50	7330008	13095751680.00
2015/04/07	2014.69	2042.41	2011.78	2040.56	8318188	15353491456.00
2015/04/08	2047.38	2047.90	1960.41	1990.28	8628632	15774021632.00
2015/04/09	2013.16	2013.16	1889.97	1978.68	7591002	16344066048.00
2015/04/10	1975.51	2049.85	1961.59	2038.96	7510989	15540897792.00
2015/04/13	2041.90	2085.00	2023.48	2076.51	8069705	16804801536.00
2015/04/14	2073.18	2074.46	2022.35	2040.86	7070199	14438375424.00
2015/04/15	2025.68	2026.01	1955.48	1962.67	6224974	12276698112.00
2015/04/16	1938.00	2001.90	1912.33	1982.23	5311755	10550052864.00
2015/04/17	1988.67	2009.17	1971.27	1980.36	6364354	12164349952.00
2015/04/20	1967.88	1967.95	1880.48	1887.89	6931167	13124615168.00
2015/04/21	1887.38	1985.85	1882.03	1984.36	5870193	11541438464.00
2015/04/22	1999.53	2053.09	1999.19	2044.27	6841145	13619616768.00
2015/04/23	2062.42	2073.53	2032.44	2057.74	6480848	13266634752.00
2015/04/24	2033.49	2118.53	2019.36	2116.33	8898778	18412947456.00
2015/04/27	2125.97	2188.99	2119.59	2142.21	8069157	18038771712.00
2015/04/28	2144.38	2144.38	2029.35	2051.02	7272771	15457273856.00
2015/04/29	2041.79	2150.68	2030.98	2150.24	5934434	13872398336.00
2015/04/30	2161.71	2203.07	2153.04	2153.32	8119313	17549729792.00
2015/05/04	2159.69	2178.01	2124.71	2160.95	5532228	12574781440.00
2015/05/05	2158.81	2164.91	2081.64	2097.38	5485251	11929406464.00
2015/05/06	2110.99	2192.74	2110.99	2127.27	5820672	13980884992.00
2015/05/07	2117.89	2139.09	2109.95	2117.27	4911937	11043278848.00
2015/05/08	2156.91	2277.64	2156.91	2277.64	7161361	17909032960.00
2015/05/11	2283.02	2431.57	2282.54	2430.81	8925662	21422045184.00
2015/05/12	2452.98	2490.86	2414.35	2467.37	9087698	21923547136.00
2015/05/13	2458.16	2574.39	2401.59	2528.38	9643327	24066113536.00
2015/05/14	2533.42	2562.58	2494.73	2523.31	7880830	21084041216.00
2015/05/15	2517.04	2517.04	2429.54	2482.00	6710544	17268768768.00
2015/05/18	2485.76	2602.47	2470.83	2590.74	6390857	16617674752.00
2015/05/19	2618.95	2697.05	2591.67	2687.17	6749432	20160378880.00
2015/05/20	2701.93	2843.82	2701.93	2753.97	8926303	25077198848.00
2015/05/21	2759.01	2853.32	2758.94	2852.91	9744554	25599574016.00
2015/05/22	2878.94	2904.65	2765.75	2848.55	9669486	25838663680.00
2015/05/25	2796.10	2887.04	2767.50	2871.81	7414386	21299398656.00
2015/05/26	2893.95	3043.94	2893.95	3043.41	7192005	20972408832.00
2015/05/27	3115.23	3187.95	3045.28	3166.84	11541742	30922913792.00
2015/05/28	3164.72	3226.48	2949.32	2956.34	10901667	31788879872.00
2015/05/29	2949.23	3107.68	2836.37	3064.41	9358792	30068889600.00
2015/06/01	3103.92	3265.62	3103.92	3261.25	7007097	22827628544.00
2015/06/02	3303.43	3356.18	3269.56	3355.41	8188100	27673348096.00
2015/06/03	3381.72	3390.02	3239.46	3339.31	8780135	29202855936.00
2015/06/04	3376.04	3376.04	3073.49	3281.54	8670583	27135027200.00
2015/06/05	3332.80	3369.80	3198.16	3258.69	9455007	28535040000.00
2015/06/08	3254.72	3256.32	3097.77	3135.81	8756762	26468128768.00
2015/06/09	3129.03	3213.06	3083.15	3160.41	6980727	21327945728.00
2015/06/10	3177.03	3332.62	3147.69	3298.43	7436904	23936301056.00
2015/06/11	3307.51	3334.05	3290.11	3325.05	7502803	25266851840.00
2015/06/12	3319.71	3350.94	3297.49	3335.50	7358152	22423451648.00
2015/06/15	3333.98	3350.17	3183.78	3198.99	6241503	19856713728.00
2015/06/16	3158.54	3158.54	3019.84	3041.04	5587401	16735190016.00
2015/06/17	3045.69	3146.12	2963.70	3136.44	5039079	15066659840.00
2015/06/18	3149.79	3169.73	2999.37	3003.32	5011538	15867599872.00
2015/06/19	2935.45	2951.24	2815.85	2830.24	4684404	13028390912.00
2015/06/23	2818.32	2857.09	2642.28	2811.22	5491263	15063280640.00
2015/06/24	2828.68	2886.41	2769.53	2840.79	5751476	16177087488.00
2015/06/25	2849.45	2849.45	2675.21	2705.20	5551951	15533735936.00
2015/06/26	2629.46	2629.46	2509.34	2509.43	4310854	11100867584.00
2015/06/29	2537.48	2538.42	2333.19	2335.21	5396125	12742275072.00
2015/06/30	2267.13	2452.29	2180.77	2448.61	8337574	18451230720.00
2015/07/01	2431.16	2534.41	2340.47	2366.93	7409973	18301767680.00
